image_width: 1280
image_height: 800
camera_name: narrow_stereo/right
camera_matrix:
  rows: 3
  cols: 3
  data: [907.21913,   0.     , 654.7363 ,
           0.     , 908.33261, 393.90347,
           0.     ,   0.     ,   1.     ]
distortion_model: plumb_bob
distortion_coefficients:
  rows: 1
  cols: 5
  data: [0.046195, -0.055781, 0.003282, 0.000567, 0.000000]
rectification_matrix:
  rows: 3
  cols: 3
  data: [ 0.99898804, -0.00441596, -0.04475925,
          0.00448302,  0.99998897,  0.00139807,
          0.04475258, -0.00159731,  0.99899682]
projection_matrix:
  rows: 3
  cols: 4
  data: [1002.80391,    0.     ,  716.2844 , -126.02667,
            0.     , 1002.80391,  418.03966,    0.     ,
            0.     ,    0.     ,    1.     ,    0.     ]
